{
 "cells": [
  {
   "cell_type": "code",
   "execution_count": 1,
   "metadata": {
    "collapsed": true,
    "scrolled": true
   },
   "outputs": [],
   "source": [
    "import numpy as np\n",
    "import numpy.random as rd\n",
    "import unittest\n",
    "ut=unittest.TestCase()"
   ]
  },
  {
   "cell_type": "markdown",
   "metadata": {},
   "source": [
    "$$\n",
    "  A = \\left(\n",
    "    \\begin{array}{ccc}\n",
    "      0.1 & 0.7 & 0.2 \\\\\n",
    "      0.2 & 0.1 & 0.7 \\\\\n",
    "      0.7 & 0.2 & 0.1\n",
    "    \\end{array}\n",
    "  \\right)\n",
    "$$"
   ]
  },
  {
   "cell_type": "markdown",
   "metadata": {},
   "source": [
    "$$\n",
    "  B = \\left(\n",
    "    \\begin{array}{ccc}\n",
    "      0.9 & 0.1  \\\\\n",
    "      0.6 & 0.4  \\\\\n",
    "      0.1 & 0.9 \n",
    "    \\end{array}\n",
    "  \\right)\n",
    "$$"
   ]
  },
  {
   "cell_type": "code",
   "execution_count": 2,
   "metadata": {
    "collapsed": false
   },
   "outputs": [
    {
     "name": "stdout",
     "output_type": "stream",
     "text": [
      "[0 0 0 ..., 1 0 1]\n",
      "CPU times: user 91.6 ms, sys: 3.65 ms, total: 95.2 ms\n",
      "Wall time: 98.8 ms\n"
     ]
    }
   ],
   "source": [
    "%%time\n",
    "#t=0, 1, 2, 3, 4, ....., n-1.\n",
    "trueA=np.array([[0.1,0.7,0.2],[0.2,0.1,0.7],[0.7,0.2,0.1]])\n",
    "trueB=np.array([[0.9,0.1],[0.6,0.4],[0.1,0.9]])\n",
    "c=3\n",
    "m=2\n",
    "\n",
    "n=1000\n",
    "truerho=np.array([1.0,0.0,0.0])\n",
    "\n",
    "omega=rd.choice(3,p=truerho)\n",
    "x=rd.choice(2,p=trueB[omega,:])\n",
    "for t in range(n):\n",
    "    omega=rd.choice(3,p=trueA[omega,:])\n",
    "    x=np.append(x,rd.choice(2,p=trueB[omega,:]))\n",
    "print(x)"
   ]
  },
  {
   "cell_type": "code",
   "execution_count": 3,
   "metadata": {
    "collapsed": true
   },
   "outputs": [],
   "source": [
    "def logsumexp(explist):\n",
    "    x = explist[0]\n",
    "    for i in range(1,len(explist)):\n",
    "        vmax=np.array([x,explist[i]]).max()\n",
    "        vmin=np.array([x,explist[i]]).min()\n",
    "        x=vmax+np.log(np.exp(vmin-vmax)+1)\n",
    "    return x"
   ]
  },
  {
   "cell_type": "markdown",
   "metadata": {},
   "source": [
    "# step 1\n",
    "$$\n",
    "\\begin{align*}\n",
    "\\psi_1(i)&=\\rho_{i}b(\\omega_i,x_1)\\\\\n",
    "\\Psi_1(i)&=0\\\\\n",
    "(i&=1,2,...,c)\n",
    "\\end{align*}\n",
    "$$"
   ]
  },
  {
   "cell_type": "code",
   "execution_count": 4,
   "metadata": {
    "collapsed": false
   },
   "outputs": [],
   "source": [
    "#t=0, 1, 2, 3, 4, ....., n-1.\n",
    "A=np.array([[0.15,0.6,0.25],[0.25,0.15,0.6],[0.6,0.25,0.15]])\n",
    "B=np.array([[0.5,0.5],[0.5,0.5],[0.5,0.5]])\n",
    "rho=np.array([0.8,0.1,0.1])\n",
    "\n",
    "logalpha=np.zeros((n,c),dtype=np.float64)\n",
    "logbeta=np.zeros((n,c),dtype=np.float64)"
   ]
  },
  {
   "cell_type": "code",
   "execution_count": 5,
   "metadata": {
    "collapsed": false
   },
   "outputs": [
    {
     "name": "stdout",
     "output_type": "stream",
     "text": [
      "[[ 0.15  0.6   0.25]\n",
      " [ 0.25  0.15  0.6 ]\n",
      " [ 0.6   0.25  0.15]]\n",
      "[[ 0.5304882   0.4695118 ]\n",
      " [ 0.52985595  0.47014405]\n",
      " [ 0.52965504  0.47034496]]\n",
      "[ 0.8  0.1  0.1]\n",
      "loop_count= 0  LH= -693.14718056\n",
      "[[ 0.15000002  0.60000003  0.24999996]\n",
      " [ 0.2499998   0.15000006  0.60000015]\n",
      " [ 0.59999965  0.25000024  0.15000011]]\n",
      "[[ 0.53101628  0.46898372]\n",
      " [ 0.52970031  0.47029969]\n",
      " [ 0.52928174  0.47071826]]\n",
      "[ 0.80017344  0.09991331  0.09991325]\n",
      "loop_count= 1  LH= -691.345572152\n",
      "[[ 0.15000001  0.60000011  0.24999988]\n",
      " [ 0.24999937  0.15000016  0.60000047]\n",
      " [ 0.599999    0.25000068  0.15000032]]\n",
      "[[ 0.53158766  0.46841234]\n",
      " [ 0.52953208  0.47046792]\n",
      " [ 0.52887764  0.47112236]]\n",
      "[ 0.80053406  0.09973311  0.09973283]\n",
      "loop_count= 2  LH= -691.344955209\n",
      "[[ 0.14999994  0.60000028  0.24999978]\n",
      " [ 0.24999869  0.15000029  0.60000102]\n",
      " [ 0.59999813  0.25000127  0.1500006 ]]\n",
      "[[ 0.53220606  0.46779394]\n",
      " [ 0.52935024  0.47064976]\n",
      " [ 0.52844005  0.47155995]]\n",
      "[ 0.80109633  0.09945221  0.09945146]\n",
      "loop_count= 3  LH= -691.344231957\n",
      "[[ 0.14999975  0.60000058  0.24999966]\n",
      " [ 0.24999772  0.15000043  0.60000185]\n",
      " [ 0.59999714  0.25000194  0.15000092]]\n",
      "[[ 0.53287554  0.46712446]\n",
      " [ 0.52915364  0.47084636]\n",
      " [ 0.52796607  0.47203393]]\n",
      "[ 0.80187545  0.09906309  0.09906147]\n",
      "loop_count= 4  LH= -691.343383276\n",
      "[[ 0.14999936  0.60000108  0.24999956]\n",
      " [ 0.24999644  0.15000055  0.60000301]\n",
      " [ 0.59999616  0.2500026   0.15000124]]\n",
      "[[ 0.53360046  0.46639954]\n",
      " [ 0.52894107  0.47105893]\n",
      " [ 0.52745252  0.47254748]]\n",
      "[ 0.80288731  0.09855787  0.09855482]\n",
      "loop_count= 5  LH= -691.342386636\n",
      "[[ 0.1499987   0.60000182  0.24999949]\n",
      " [ 0.2499948   0.15000061  0.60000459]\n",
      " [ 0.59999534  0.25000315  0.15000151]]\n",
      "[[ 0.53438557  0.46561443]\n",
      " [ 0.5287112   0.4712888 ]\n",
      " [ 0.52689597  0.47310403]]\n",
      "[ 0.80414843  0.0979284   0.09792317]\n",
      "loop_count= 6  LH= -691.341215487\n",
      "[[ 0.14999764  0.60000289  0.24999947]\n",
      " [ 0.24999275  0.15000058  0.60000667]\n",
      " [ 0.59999489  0.25000343  0.15000167]]\n",
      "[[ 0.53523602  0.46476398]\n",
      " [ 0.52846263  0.47153737]\n",
      " [ 0.52629268  0.47370732]]\n",
      "[ 0.80567585  0.09716627  0.09715788]\n",
      "loop_count= 7  LH= -691.339838554\n",
      "[[ 0.14999607  0.60000438  0.24999955]\n",
      " [ 0.24999026  0.15000039  0.60000935]\n",
      " [ 0.59999507  0.25000329  0.15000164]]\n",
      "[[ 0.53615739  0.46384261]\n",
      " [ 0.52819382  0.47180618]\n",
      " [ 0.52563858  0.47436142]]\n",
      "[ 0.80748707  0.09626285  0.09625008]\n",
      "loop_count= 8  LH= -691.338219011\n",
      "[[ 0.14999382  0.60000641  0.24999977]\n",
      " [ 0.24998724  0.14999999  0.60001276]\n",
      " [ 0.59999617  0.25000251  0.15000132]]\n",
      "[[ 0.5371557   0.4628443 ]\n",
      " [ 0.52790314  0.47209686]\n",
      " [ 0.52492927  0.47507073]]\n",
      "[ 0.80959982  0.09520944  0.09519074]\n",
      "loop_count= 9  LH= -691.336313512\n",
      "[[ 0.14999071  0.60000911  0.25000018]\n",
      " [ 0.24998364  0.1499993   0.60001706]\n",
      " [ 0.59999858  0.25000083  0.15000059]]\n",
      "[[ 0.53823748  0.46176252]\n",
      " [ 0.52758883  0.47241117]\n",
      " [ 0.52415996  0.47584004]]\n",
      "[ 0.81203191  0.0939973   0.09397079]\n",
      "loop_count= 10  LH= -691.334071055\n",
      "[[ 0.14998651  0.60001265  0.25000085]\n",
      " [ 0.24997937  0.14999821  0.60002242]\n",
      " [ 0.60000278  0.24999792  0.1499993 ]]\n",
      "[[ 0.53940981  0.46059019]\n",
      " [ 0.52724902  0.47275098]\n",
      " [ 0.52332543  0.47667457]]\n",
      "[ 0.81480098  0.09261779  0.09258122]\n",
      "loop_count= 11  LH= -691.331431656\n",
      "[[ 0.14998094  0.60001721  0.25000185]\n",
      " [ 0.24997435  0.1499966   0.60002905]\n",
      " [ 0.60000932  0.24999341  0.14999728]]\n",
      "[[ 0.54068032  0.45931968]\n",
      " [ 0.52688168  0.47311832]\n",
      " [ 0.52242005  0.47757995]]\n",
      "[ 0.81792416  0.09106257  0.09101326]\n",
      "loop_count= 12  LH= -691.328324806\n",
      "[[ 0.14997368  0.60002304  0.25000328]\n",
      " [ 0.24996845  0.14999434  0.60003721]\n",
      " [ 0.60001889  0.24998681  0.1499943 ]]\n",
      "[[ 0.54205726  0.45794274]\n",
      " [ 0.52648467  0.47351533]\n",
      " [ 0.52143769  0.47856231]]\n",
      "[ 0.82141769  0.08932375  0.08925856]\n",
      "loop_count= 13  LH= -691.324667668\n",
      "[[ 0.14996432  0.60003041  0.25000527]\n",
      " [ 0.24996155  0.14999125  0.60004719]\n",
      " [ 0.60003234  0.24997755  0.14999011]]\n",
      "[[ 0.54354954  0.45645046]\n",
      " [ 0.52605569  0.47394431]\n",
      " [ 0.5203717   0.4796283 ]]\n",
      "[ 0.82529647  0.08739411  0.08730941]\n",
      "loop_count= 14  LH= -691.32036298\n",
      "[[ 0.14995241  0.60003965  0.25000794]\n",
      " [ 0.24995351  0.14998713  0.60005936]\n",
      " [ 0.60005066  0.24996496  0.14998438]]\n",
      "[[ 0.54516677  0.45483323]\n",
      " [ 0.52559232  0.47440768]\n",
      " [ 0.51921488  0.48078512]]\n",
      "[ 0.82957352  0.08526742  0.08515907]\n",
      "loop_count= 15  LH= -691.315296612\n",
      "[[ 0.14993737  0.60005116  0.25001147]\n",
      " [ 0.24994415  0.14998171  0.60007414]\n",
      " [ 0.60007506  0.2499482   0.14997673]]\n",
      "[[ 0.54691929  0.45308071]\n",
      " [ 0.52509195  0.47490805]\n",
      " [ 0.5179594   0.4820406 ]]\n",
      "[ 0.8342593   0.08293868  0.08280202]\n",
      "loop_count= 16  LH= -691.309334741\n",
      "[[ 0.14991855  0.6000654   0.25001605]\n",
      " [ 0.24993327  0.1499747   0.60009203]\n",
      " [ 0.600107    0.24992629  0.14996671]]\n",
      "[[ 0.54881826  0.45118174]\n",
      " [ 0.52455185  0.47544815]\n",
      " [ 0.51659681  0.48340319]]\n",
      "[ 0.83936103  0.08040456  0.08023441]\n",
      "loop_count= 17  LH= -691.30232057\n",
      "[[ 0.14989515  0.60008292  0.25002193]\n",
      " [ 0.24992062  0.14996574  0.60011363]\n",
      " [ 0.60014821  0.24989805  0.14995374]]\n",
      "[[ 0.55087565  0.44912435]\n",
      " [ 0.52396915  0.47603085]\n",
      " [ 0.51511793  0.48488207]]\n",
      "[ 0.84488184  0.07766372  0.07745444]\n",
      "loop_count= 18  LH= -691.294070532\n",
      "[[ 0.14986623  0.60010437  0.2500294 ]\n",
      " [ 0.24990593  0.14995441  0.60013966]\n",
      " [ 0.60020076  0.24986205  0.14993719]]\n",
      "[[ 0.55310432  0.44689568]\n",
      " [ 0.5233408   0.4766592 ]\n",
      " [ 0.51351285  0.48648715]]\n",
      "[ 0.85081985  0.07471731  0.07446285]\n",
      "loop_count= 19  LH= -691.284369907\n",
      "[[ 0.14983068  0.60013053  0.25003879]\n",
      " [ 0.24988886  0.14994019  0.60017095]\n",
      " [ 0.60026713  0.24981663  0.14991624]]\n",
      "[[ 0.55551808  0.44448192]\n",
      " [ 0.52266363  0.47733637]\n",
      " [ 0.51177083  0.48822917]]\n",
      "[ 0.85716719  0.0715694   0.07126341]\n",
      "loop_count= 20  LH= -691.272967774\n",
      "[[ 0.14978719  0.6001623   0.25005051]\n",
      " [ 0.24986903  0.14992246  0.60020851]\n",
      " [ 0.60035026  0.24975977  0.14988997]]\n",
      "[[ 0.55813167  0.44186833]\n",
      " [ 0.52193434  0.47806566]\n",
      " [ 0.50988028  0.49011972]]\n",
      "[ 0.86390904  0.06822747  0.06786349]\n",
      "loop_count= 21  LH= -691.25957119\n",
      "[[ 0.14973423  0.60020075  0.25006502]\n",
      " [ 0.24984595  0.14990052  0.60025352]\n",
      " [ 0.60045363  0.24968912  0.14985724]]\n",
      "[[ 0.56096086  0.43903914]\n",
      " [ 0.5211495   0.4788505 ]\n",
      " [ 0.50782868  0.49217132]]\n",
      "[ 0.87102255  0.06470292  0.06427453]\n",
      "loop_count= 22  LH= -691.243838508\n",
      "[[ 0.14966996  0.60024714  0.2500829 ]\n",
      " [ 0.24981908  0.14987351  0.60030741]\n",
      " [ 0.6005814   0.24960186  0.14981673]]\n",
      "[[ 0.56402244  0.43597756]\n",
      " [ 0.52030559  0.47969441]\n",
      " [ 0.50560253  0.49439747]]\n",
      "[ 0.87847598  0.06101143  0.06051258]\n",
      "loop_count= 23  LH= -691.225371717\n",
      "[[ 0.14959227  0.60030295  0.25010478]\n",
      " [ 0.24978776  0.14984041  0.60037183]\n",
      " [ 0.60073846  0.24949468  0.14976686]]\n",
      "[[ 0.56733427  0.43266573]\n",
      " [ 0.51939902  0.48060098]\n",
      " [ 0.50318728  0.49681272]]\n",
      "[ 0.88622786  0.05717342  0.05659872]\n",
      "loop_count= 24  LH= -691.203707653\n",
      "[[ 0.14949867  0.6003699   0.25013144]\n",
      " [ 0.24975119  0.14980002  0.60044878]\n",
      " [ 0.60093058  0.24936367  0.14970574]]\n",
      "[[ 0.57091526  0.42908474]\n",
      " [ 0.51842615  0.48157385]\n",
      " [ 0.5005673   0.4994327 ]]\n",
      "[ 0.89422649  0.0532142   0.05255931]\n",
      "loop_count= 25  LH= -691.178307974\n",
      "[[ 0.14938625  0.60045     0.25016374]\n",
      " [ 0.24970843  0.14975094  0.60054063]\n",
      " [ 0.60116458  0.24920424  0.14963118]]\n",
      "[[ 0.57478541  0.42521459]\n",
      " [ 0.51738336  0.48261664]\n",
      " [ 0.49772577  0.50227423]]\n",
      "[ 0.90240978  0.04916408  0.04842614]\n",
      "loop_count= 26  LH= -691.148547693\n",
      "[[ 0.14925166  0.60054562  0.25020272]\n",
      " [ 0.24965833  0.1496915   0.60065017]\n",
      " [ 0.60144846  0.24901097  0.14954057]]\n",
      "[[ 0.57896572  0.42103428]\n",
      " [ 0.51626707  0.48373293]\n",
      " [ 0.49464466  0.50535534]]\n",
      "[ 0.91070552  0.0450582   0.04423627]\n",
      "loop_count= 27  LH= -691.113702144\n",
      "[[ 0.14909098  0.6006595   0.25024952]\n",
      " [ 0.24959951  0.14961975  0.60078074]\n",
      " [ 0.60179157  0.24877758  0.14943085]]\n",
      "[[ 0.58347821  0.41652179]\n",
      " [ 0.51507383  0.48492617]\n",
      " [ 0.49130469  0.50869531]]\n",
      "[ 0.91903239  0.04093605  0.04003156]\n",
      "loop_count= 28  LH= -691.072932157\n",
      "[[ 0.14889973  0.60079481  0.25030545]\n",
      " [ 0.24953031  0.14953339  0.6009363 ]\n",
      " [ 0.60220488  0.24849668  0.14929843]]\n",
      "[[ 0.58834577  0.41165423]\n",
      " [ 0.51380041  0.48619959]\n",
      " [ 0.48768528  0.51231472]]\n",
      "[ 0.92730148  0.03684068  0.03585784]\n",
      "loop_count= 29  LH= -691.025267295\n",
      "[[ 0.14867277  0.60095525  0.25037197]\n",
      " [ 0.2494487   0.14942973  0.60112157]\n",
      " [ 0.60270114  0.24815972  0.14913914]]\n",
      "[[ 0.59359207  0.40640793]\n",
      " [ 0.51244388  0.48755612]\n",
      " [ 0.4837645   0.5162355 ]]\n",
      "[ 0.93541871  0.0328176   0.03176369]\n",
      "loop_count= 30  LH= -690.969586982\n",
      "[[ 0.14840424  0.60114508  0.25045069]\n",
      " [ 0.24935221  0.14930563  0.60134216]\n",
      " [ 0.60329513  0.24775677  0.1489481 ]]\n",
      "[[ 0.5992414   0.4007586 ]\n",
      " [ 0.51100175  0.48899825]\n",
      " [ 0.47951912  0.52048088]]\n",
      "[ 0.94328796  0.02891326  0.02779878]\n",
      "loop_count= 31  LH= -690.904599433\n",
      "[[ 0.14808751  0.60136918  0.25054331]\n",
      " [ 0.24923782  0.14915744  0.60160474]\n",
      " [ 0.60400397  0.24727638  0.14871965]]\n",
      "[[ 0.60531833  0.39468167]\n",
      " [ 0.50947213  0.49052787]\n",
      " [ 0.4749246   0.5250754 ]]\n",
      "[ 0.95081477  0.02517327  0.02401197]\n",
      "loop_count= 32  LH= -690.828818402\n",
      "[[ 0.14771517  0.6016332   0.25065163]\n",
      " [ 0.24910185  0.1489809   0.60191725]\n",
      " [ 0.60484731  0.24670539  0.14844731]]\n",
      "[[ 0.61184745  0.38815255]\n",
      " [ 0.50785391  0.49214609]\n",
      " [ 0.46995519  0.53004481]]\n",
      "[ 0.95791054  0.02164045  0.020449  ]\n",
      "loop_count= 33  LH= -690.740537983\n",
      "[[ 0.14727901  0.60194357  0.25077742]\n",
      " [ 0.24893974  0.14877107  0.60228918]\n",
      " [ 0.60584761  0.24602879  0.1481236 ]]\n",
      "[[ 0.61885289  0.38114711]\n",
      " [ 0.50614701  0.49385299]\n",
      " [ 0.46458401  0.53541599]]\n",
      "[ 0.96449691  0.0183528   0.0171503 ]\n",
      "loop_count= 34  LH= -690.637806024\n",
      "[[ 0.14677005  0.60230763  0.25092232]\n",
      " [ 0.24874594  0.14852226  0.60273181]\n",
      " [ 0.6070304   0.24522956  0.14774003]]\n",
      "[[ 0.62635769  0.37364231]\n",
      " [ 0.50435262  0.49564738]\n",
      " [ 0.45878334  0.54121666]]\n",
      "[ 0.97050977  0.01534153  0.0141487 ]\n",
      "loop_count= 35  LH= -690.518397241\n",
      "[[ 0.14617863  0.6027337   0.25108767]\n",
      " [ 0.24851354  0.14822791  0.60325855]\n",
      " [ 0.60842443  0.24428853  0.14728705]]\n",
      "[[ 0.63438305  0.36561695]\n",
      " [ 0.50247359  0.49752641]\n",
      " [ 0.45252489  0.54747511]]\n",
      "[ 0.97590281  0.01262952  0.01146768]\n",
      "loop_count= 36  LH= -690.379787925\n",
      "[[ 0.14549458  0.60323124  0.25127418]\n",
      " [ 0.24823408  0.1478805   0.60388542]\n",
      " [ 0.61006174  0.24318433  0.14675393]]\n",
      "[[ 0.64294733  0.35705267]\n",
      " [ 0.50051484  0.49948516]\n",
      " [ 0.44578025  0.55421975]]\n",
      "[ 0.98064986  0.01023011  0.00912003]\n",
      "loop_count= 37  LH= -690.219135226\n",
      "[[ 0.1447075   0.6038109   0.2514816 ]\n",
      " [ 0.24789711  0.14747151  0.60463139]\n",
      " [ 0.61197766  0.24189343  0.14612891]]\n",
      "[[ 0.65206483  0.34793517]\n",
      " [ 0.49848384  0.50151616]\n",
      " [ 0.43852159  0.56147841]]\n",
      "[ 0.98474601  0.00814668  0.00710731]\n",
      "loop_count= 38  LH= -690.033265563\n",
      "[[ 0.14380717  0.60448467  0.25170816]\n",
      " [ 0.24748977  0.14699125  0.60551898]\n",
      " [ 0.61421051  0.2403903   0.14539919]]\n",
      "[[ 0.66174422  0.33825578]\n",
      " [ 0.49639122  0.50360878]\n",
      " [ 0.43072251  0.56927749]]\n",
      "[ 0.98820709  0.0063728   0.00542011]\n",
      "loop_count= 39  LH= -689.818678727\n",
      "[[ 0.14278406  0.60526603  0.25194991]\n",
      " [ 0.24699631  0.14642889  0.6065748 ]\n",
      " [ 0.61680111  0.23864771  0.14455118]]\n",
      "[[ 0.67198673  0.32801327]\n",
      " [ 0.49425145  0.50574855]\n",
      " [ 0.42235918  0.57764082]]\n",
      "[ 0.99106772  0.00489312  0.00403916]\n",
      "loop_count= 40  LH= -689.571576718\n",
      "[[ 0.14163011  0.60617012  0.25219977]\n",
      " [ 0.2463975   0.14577242  0.60783008]\n",
      " [ 0.61979178  0.23663738  0.14357084]]\n",
      "[[ 0.68278392  0.31721608]\n",
      " [ 0.49208372  0.50791628]\n",
      " [ 0.4134119   0.5865881 ]]\n",
      "[ 0.99337801  0.0036849   0.00293709]\n",
      "loop_count= 41  LH= -689.287929136\n",
      "[[ 0.14033962  0.60721395  0.25244643]\n",
      " [ 0.24567005  0.14500868  0.60932126]\n",
      " [ 0.62322501  0.23433084  0.14244415]]\n",
      "[[ 0.69411527  0.30588473]\n",
      " [ 0.48991273  0.51008727]\n",
      " [ 0.40386691  0.59613309]]\n",
      "[ 0.99519928  0.0027199   0.00208083]\n",
      "loop_count= 42  LH= -688.963589474\n",
      "[[ 0.13891037  0.60841664  0.25267298]\n",
      " [ 0.24478607  0.14412354  0.61109039]\n",
      " [ 0.62714134  0.23170078  0.14115788]]\n",
      "[[ 0.70594544  0.29405456]\n",
      " [ 0.48776975  0.51223025]\n",
      " [ 0.39371864  0.60628136]]\n",
      "[ 0.99659938  0.00196653  0.00143409]\n",
      "loop_count= 43  LH= -688.594478057\n",
      "[[ 0.1373448   0.60979976  0.25285543]\n",
      " [ 0.2437126   0.14310213  0.61318527]\n",
      " [ 0.63157671  0.22872278  0.13970052]]\n",
      "[[ 0.71822168  0.28177832]\n",
      " [ 0.4856935   0.5143065 ]\n",
      " [ 0.38297228  0.61702772]]\n",
      "[  9.97648015e-01   1.39202729e-03   9.59958188e-04]\n",
      "loop_count= 44  LH= -688.176845838\n",
      "[[ 0.13565124  0.61138762  0.25296115]\n",
      " [ 0.24241148  0.14192928  0.61565924]\n",
      " [ 0.63655898  0.22537759  0.13806343]]\n",
      "[[ 0.73087134  0.26912866]\n",
      " [ 0.48373098  0.51626902]\n",
      " [ 0.37164655  0.62835345]]\n",
      "[  9.98412572e-01   9.64303348e-04   6.23124994e-04]\n",
      "loop_count= 45  LH= -687.707626583\n",
      "[[ 0.13384491  0.61320758  0.25294751]\n",
      " [ 0.24083961  0.14059018  0.6185702 ]\n",
      " [ 0.64210396  0.22165381  0.13624224]]\n",
      "[[ 0.74380033  0.25619967]\n",
      " [ 0.48193797  0.51806203]\n",
      " [ 0.35977637  0.64022363]]\n",
      "[  9.98954846e-01   6.53546985e-04   3.91607272e-04]\n",
      "loop_count= 46  LH= -687.184870491\n",
      "[[ 0.13194863  0.61529022  0.25276115]\n",
      " [ 0.23895006  0.13907122  0.62197872]\n",
      " [ 0.64821095  0.21755085  0.13423821]]\n",
      "[[ 0.75689263  0.24310737]\n",
      " [ 0.48037886  0.51962114]\n",
      " [ 0.34741521  0.65258479]]\n",
      "[  9.99328811e-01   4.33289764e-04   2.37899259e-04]\n",
      "loop_count= 47  LH= -686.608228556\n",
      "[[ 0.12999268  0.61766905  0.25233827]\n",
      " [ 0.2366941   0.13736107  0.62594483]\n",
      " [ 0.65485848  0.21308194  0.13205958]]\n",
      "[[ 0.77001186  0.22998814]\n",
      " [ 0.4791257   0.5208743 ]\n",
      " [ 0.33463648  0.66536352]]\n",
      "[  9.99579498e-01   2.81015270e-04   1.39487033e-04]\n",
      "loop_count= 48  LH= -685.979425935\n",
      "[[ 0.12801382  0.62037965  0.25160653]\n",
      " [ 0.23402458  0.13545199  0.63052343]\n",
      " [ 0.66200078  0.20827673  0.12972249]]\n",
      "[[ 0.78300501  0.21699499]\n",
      " [ 0.47825583  0.52174417]\n",
      " [ 0.32153368  0.67846632]]\n",
      "[  9.99742853e-01   1.78326989e-04   7.88195749e-05]\n",
      "loop_count= 49  LH= -685.302632688\n",
      "[[ 0.12605318  0.62345767  0.25048915]\n",
      " [ 0.23090066  0.13334132  0.63575802]\n",
      " [ 0.66956576  0.20318286  0.12725138]]\n",
      "[[ 0.79570879  0.20429121]\n",
      " [ 0.47784797  0.52215203]\n",
      " [ 0.30821883  0.69178117]]\n",
      "[  9.99846371e-01   1.10764568e-04   4.28644591e-05]\n",
      "loop_count= 50  LH= -684.584627225\n",
      "[[ 0.12415309  0.62693559  0.24891132]\n",
      " [ 0.22729384  0.13103288  0.64167329]\n",
      " [ 0.67745522  0.19786627  0.12467851]]\n",
      "[[ 0.80795806  0.19204194]\n",
      " [ 0.47797666  0.52202334]\n",
      " [ 0.29481915  0.70518085]]\n",
      "[  9.99910216e-01   6.73773434e-05   2.24069799e-05]\n",
      "loop_count= 51  LH= -683.83467076\n",
      "[[ 0.12235335  0.63083793  0.24680873]\n",
      " [ 0.2231945   0.12853832  0.64826718]\n",
      " [ 0.68554769  0.19240956  0.12204275]]\n",
      "[[ 0.81959564  0.18040436]\n",
      " [ 0.47870505  0.52129495]\n",
      " [ 0.28147242  0.71852758]]\n",
      "[  9.99948588e-01   4.01654396e-05   1.12466332e-05]\n",
      "loop_count= 52  LH= -683.064079482\n",
      "[[ 0.12068743  0.63517537  0.2441372 ]\n",
      " [ 0.21861821  0.12587819  0.6555036 ]\n",
      " [ 0.69370382  0.1869086   0.11938759]]\n",
      "[[ 0.83048201  0.16951799]\n",
      " [ 0.4800768   0.5199232 ]\n",
      " [ 0.26832164  0.73167836]]\n",
      "[  9.99971101e-01   2.34836310e-05   5.41542001e-06]\n",
      "loop_count= 53  LH= -682.285578836\n",
      "[[ 0.11917957  0.6399386   0.24088182]\n",
      " [ 0.21361026  0.12308237  0.66330737]\n",
      " [ 0.70177378  0.18146749  0.11675873]]\n",
      "[[ 0.8405035   0.1594965 ]\n",
      " [ 0.4821082   0.5178918 ]\n",
      " [ 0.25550976  0.74449024]]\n",
      "[  9.99984022e-01   1.34784172e-05   2.49996564e-06]\n",
      "loop_count= 54  LH= -681.512602301\n",
      "[[ 0.1178434   0.64509302  0.23706358]\n",
      " [ 0.20824714  0.12018989  0.67156297]\n",
      " [ 0.7096058   0.17619257  0.11420163]]\n",
      "[[ 0.84957787  0.15042213]\n",
      " [ 0.48478184  0.51521816]\n",
      " [ 0.24317515  0.75682485]]\n",
      "[  9.99991293e-01   7.60125345e-06   1.10605320e-06]\n",
      "loop_count= 55  LH= -680.758695166\n",
      "[[ 0.11668231  0.650576    0.23274169]\n",
      " [ 0.20263396  0.11724763  0.68011842]\n",
      " [ 0.71705486  0.17118594  0.11175919]]\n",
      "[[ 0.85765673  0.14234327]\n",
      " [ 0.48804359  0.51195641]\n",
      " [ 0.23144746  0.76855254]]\n",
      "[  9.99995315e-01   4.21628647e-06   4.68982606e-07]\n",
      "loop_count= 56  LH= -680.037077803\n",
      "[[ 0.11569157  0.65629792  0.22801051]\n",
      " [ 0.19689735  0.11430802  0.68879463]\n",
      " [ 0.72399106  0.16653933  0.10946961]]\n",
      "[[ 0.86472509  0.13527491]\n",
      " [ 0.49180399  0.50819601]\n",
      " [ 0.22044367  0.77955633]]\n",
      "[  9.99997507e-01   2.30254139e-06   1.90657188e-07]\n",
      "loop_count= 57  LH= -679.360264897\n",
      "[[ 0.11486122  0.66214759  0.22299119]\n",
      " [ 0.19117482  0.11142554  0.69739964]\n",
      " [ 0.73030689  0.1623286   0.10736451]]\n",
      "[[ 0.8707987  0.1292013]\n",
      " [ 0.4959448  0.5040552]\n",
      " [ 0.2102633  0.7897367]]\n",
      "[  9.99998686e-01   1.23924692e-06   7.43784393e-08]\n",
      "loop_count= 58  LH= -678.739542525\n",
      "[[ 0.11417891  0.66800164  0.21781945]\n",
      " [ 0.18560187  0.10865245  0.70574568]\n",
      " [ 0.73592321  0.15860954  0.10546725]]\n",
      "[[ 0.87592001  0.12407999]\n",
      " [ 0.50032989  0.49967011]\n",
      " [ 0.20098306  0.79901694]]\n",
      "[  9.99999314e-01   6.58008359e-07   2.78832955e-08]\n",
      "loop_count= 59  LH= -678.184172652\n",
      "[[ 0.11363194  0.67373636  0.21263169]\n",
      " [ 0.1802994   0.10603439  0.71366621]\n",
      " [ 0.74079311  0.15541529  0.10379159]]\n",
      "[[ 0.88015333  0.11984667]\n",
      " [ 0.50481872  0.49518128]\n",
      " [ 0.19265151  0.80734849]]\n",
      "[  9.99999645e-01   3.45057662e-07   1.00641984e-08]\n",
      "loop_count= 60  LH= -677.700414385\n",
      "[[ 0.11320806  0.67923971  0.20755223]\n",
      " [ 0.17536361  0.10360668  0.72102971]\n",
      " [ 0.7449031   0.15275586  0.10234104]]\n",
      "[[ 0.88357951  0.11642049]\n",
      " [ 0.50927982  0.49072018]\n",
      " [ 0.18528546  0.81471454]]\n",
      "[  9.99999818e-01   1.78903092e-07   3.50591747e-09]\n",
      "loop_count= 61  LH= -677.290682283\n",
      "[[ 0.11289536  0.68442093  0.20268371]\n",
      " [ 0.17086007  0.10139214  0.72774778]\n",
      " [ 0.74827108  0.15061979  0.10110914]]\n",
      "[[ 0.88629035  0.11370965]\n",
      " [ 0.51360156  0.48639844]\n",
      " [ 0.17886925  0.82113075]]\n",
      "[  9.99999907e-01   9.18126949e-08   1.18205931e-09]\n",
      "loop_count= 62  LH= -676.953226034\n",
      "[[ 0.11268177  0.68921633  0.19810191]\n",
      " [ 0.16682271  0.09940065  0.73377665]\n",
      " [ 0.75094148  0.14897772  0.1000808 ]]\n",
      "[[ 0.88838299  0.11161701]\n",
      " [ 0.51769853  0.48230147]\n",
      " [ 0.1733578   0.8266422 ]]\n",
      "[  9.99999953e-01   4.66923304e-08   3.86940222e-10]\n",
      "loop_count= 63  LH= -676.682542721\n",
      "[[ 0.11255458  0.69359046  0.19385497]\n",
      " [ 0.16325685  0.09763045  0.7391127 ]\n",
      " [ 0.75297825  0.14778724  0.09923451]]\n",
      "[[ 0.88995472  0.11004528]\n",
      " [ 0.52151327  0.47848673]\n",
      " [ 0.16868272  0.83131728]]\n",
      "[  9.99999976e-01   2.35581108e-08   1.23375201e-10]\n",
      "loop_count= 64  LH= -676.470427807\n",
      "[[ 0.11250044  0.6975335   0.18996607]\n",
      " [ 0.16014512  0.09607062  0.74378427]\n",
      " [ 0.75445705  0.14699807  0.09854488]]\n",
      "[[ 0.89109851  0.10890149]\n",
      " [ 0.52501407  0.47498593]\n",
      " [ 0.16476012  0.83523988]]\n",
      "[  9.99999988e-01   1.18049244e-08   3.84414854e-11]\n",
      "loop_count= 65  LH= -676.307329057\n",
      "[[ 0.1125057   0.70105619  0.1864381 ]\n",
      " [ 0.15745436  0.09470398  0.74784167]\n",
      " [ 0.75545798  0.14655684  0.09798518]]\n",
      "[[ 0.89189964  0.10810036]\n",
      " [ 0.52819042  0.47180958]\n",
      " [ 0.16149866  0.83850134]]\n",
      "[  9.99999994e-01   5.88109815e-09   1.17411586e-11]\n",
      "loop_count= 66  LH= -676.183617158\n",
      "[[ 0.11255703  0.70418386  0.18325911]\n",
      " [ 0.15514227  0.0935099   0.75134783]\n",
      " [ 0.75605958  0.14641097  0.09752945]]\n",
      "[[ 0.89243356  0.10756644]\n",
      " [ 0.53104756  0.46895244]\n",
      " [ 0.15880652  0.84119348]]\n",
      "[  9.99999997e-01   2.91561163e-09   3.52541813e-12]\n",
      "loop_count= 67  LH= -676.090509646\n",
      "[[ 0.11264199  0.70695065  0.18040736]\n",
      " [ 0.1531629   0.09246663  0.75437048]\n",
      " [ 0.7563347   0.14651135  0.09715396]]\n",
      "[[ 0.89276492  0.10723508]\n",
      " [ 0.53360123  0.46639877]\n",
      " [ 0.15659652  0.84340348]]\n",
      "[  9.99999999e-01   1.43957199e-09   1.04333634e-12]\n",
      "loop_count= 68  LH= -676.020569111\n",
      "[[ 0.11274956  0.70939483  0.17785561]\n",
      " [ 0.1514706   0.09155296  0.75697644]\n",
      " [ 0.75634798  0.14681395  0.09683806]]\n",
      "[[ 0.89294758  0.10705242]\n",
      " [ 0.53587335  0.46412665]\n",
      " [ 0.15478944  0.84521056]]\n",
      "[  9.99999999e-01   7.08396992e-10   3.05028833e-13]\n",
      "loop_count= 69  LH= -675.967839175\n",
      "[[ 0.1128704   0.71155531  0.1755743 ]\n",
      " [ 0.15002265  0.09074926  0.75922809]\n",
      " [ 0.75615492  0.14728053  0.09656454]]\n",
      "[[ 0.89302524  0.10697476]\n",
      " [ 0.5378887   0.4621113 ]\n",
      " [ 0.15331568  0.84668432]]\n",
      "[  1.00000000e+00   3.47631087e-10   8.82700062e-14]\n",
      "loop_count= 70  LH= -675.92774335\n",
      "[[ 0.11299694  0.71346928  0.17353379]\n",
      " [ 0.14878058  0.09003805  0.76118137]\n",
      " [ 0.75580184  0.14787865  0.09631951]]\n",
      "[[ 0.89303257  0.10696743]\n",
      " [ 0.53967265  0.46032735]\n",
      " [ 0.1521156   0.8478844 ]]\n",
      "[  1.00000000e+00   1.70205401e-10   2.53259658e-14]\n",
      "loop_count= 71  LH= -675.896868237\n",
      "[[ 0.11312331  0.71517092  0.17170578]\n",
      " [ 0.14771076  0.08940419  0.76288505]\n",
      " [ 0.75532654  0.14858133  0.09609214]]\n",
      "[[ 0.89299648  0.10700352]\n",
      " [ 0.54124974  0.45875026]\n",
      " [ 0.15113915  0.84886085]]\n",
      "[  1.00000000e+00   8.31793030e-11   7.21454495e-15]\n",
      "loop_count= 72  LH= -675.872718012\n",
      "[[ 0.11324516  0.71669075  0.17006409]\n",
      " [ 0.14678439  0.08883478  0.76438084]\n",
      " [ 0.75475935  0.14936642  0.09587423]]\n",
      "[[ 0.89293739  0.10706261]\n",
      " [ 0.54264284  0.45735716]\n",
      " [ 0.15034491  0.84965509]]\n",
      "[  1.00000000e+00   4.05867536e-11   2.04291588e-15]\n",
      "loop_count= 73  LH= -675.853488963\n",
      "[[ 0.11335945  0.71805549  0.16858506]\n",
      " [ 0.14597715  0.08831902  0.76570384]\n",
      " [ 0.75412422  0.150216    0.09565978]]\n",
      "[[ 0.89287047  0.10712953]\n",
      " [ 0.54387275  0.45612725]\n",
      " [ 0.14969902  0.85030098]]\n",
      "[  1.00000000e+00   1.97784048e-11   5.75589602e-16]\n",
      "loop_count= 74  LH= -675.837884052\n",
      "[[ 0.11346421  0.71928821  0.16724759]\n",
      " [ 0.14526872  0.08784795  0.76688333]\n",
      " [ 0.75343982  0.15111565  0.09544453]]\n",
      "[[ 0.89280671  0.10719329]\n",
      " [ 0.54495812  0.45504188]\n",
      " [ 0.149174    0.850826  ]]\n",
      "[  1.00000000e+00   9.62770713e-12   1.61490191e-16]\n",
      "loop_count= 75  LH= -675.824970309\n",
      "[[ 0.11355828  0.72040862  0.1660331 ]\n",
      " [ 0.14464224  0.08741418  0.76794357]\n",
      " [ 0.75272055  0.15205384  0.0952256 ]]\n",
      "[[ 0.89275383  0.10724617]\n",
      " [ 0.5459155   0.4540845 ]\n",
      " [ 0.14874771  0.85125229]]\n",
      "[  1.00000000e+00   4.68216076e-12   4.51481349e-17]\n",
      "loop_count= 76  LH= -675.814073772\n",
      "[[ 0.11364118  0.72143345  0.16492537]\n",
      " [ 0.14408377  0.08701167  0.76890456]\n",
      " [ 0.75197739  0.15302146  0.09500115]]\n",
      "[[ 0.89271703  0.10728297]\n",
      " [ 0.54675947  0.45324053]\n",
      " [ 0.14840232  0.85159768]]\n",
      "[  1.00000000e+00   2.27516582e-12   1.25844479e-17]\n",
      "loop_count= 77  LH= -675.804704145\n",
      "[[ 0.11371286  0.72237687  0.16391027]\n",
      " [ 0.14358182  0.08663543  0.76978274]\n",
      " [ 0.75121863  0.15401124  0.09477013]]\n",
      "[[ 0.89269964  0.10730036]\n",
      " [ 0.54750283  0.45249717]\n",
      " [ 0.14812353  0.85187647]]\n",
      "[  1.00000000e+00   1.10474491e-12   3.49887928e-18]\n",
      "loop_count= 78  LH= -675.79650162\n",
      "[[ 0.11377363  0.72325079  0.16297558]\n",
      " [ 0.14312691  0.08628143  0.77059166]\n",
      " [ 0.75045048  0.15501748  0.09453203]]\n",
      "[[ 0.89270354  0.10729646]\n",
      " [ 0.54815682  0.45184318]\n",
      " [ 0.14789989  0.85210011]]\n",
      "[  1.00000000e+00   5.36070934e-13   9.70713202e-19]\n",
      "loop_count= 79  LH= -675.789199616\n",
      "[[ 0.11382401  0.72406527  0.16211072]\n",
      " [ 0.14271123  0.08594632  0.77134245]\n",
      " [ 0.74967753  0.15603569  0.09428678]]\n",
      "[[ 0.8927296   0.1072704 ]\n",
      " [ 0.54873128  0.45126872]\n",
      " [ 0.14772217  0.85227783]]\n",
      "[  1.00000000e+00   2.59965184e-13   2.68818999e-19]\n",
      "loop_count= 80  LH= -675.78259871\n",
      "[[ 0.11386466  0.72482877  0.16130657]\n",
      " [ 0.1423283   0.0856274   0.7720443 ]\n",
      " [ 0.74890312  0.15706233  0.09403456]]\n",
      "[[ 0.89277794  0.10722206]\n",
      " [ 0.54923486  0.45076514]\n",
      " [ 0.14758294  0.85241706]]\n",
      "[  1.00000000e+00   1.25995835e-13   7.43282624e-20]\n",
      "loop_count= 81  LH= -675.776548312\n",
      "[[ 0.11389632  0.72554843  0.16055525]\n",
      " [ 0.14197279  0.08532242  0.77270479]\n",
      " [ 0.74812967  0.15809461  0.09377572]]\n",
      "[[ 0.89284814  0.10715186]\n",
      " [ 0.54967516  0.45032484]\n",
      " [ 0.14747621  0.85252379]]\n",
      "[  1.00000000e+00   6.10317828e-14   2.05245226e-20]\n",
      "loop_count= 82  LH= -675.770933724\n",
      "[[ 0.11391975  0.72623025  0.15985   ]\n",
      " [ 0.14164023  0.08502955  0.77333022]\n",
      " [ 0.74735888  0.15913037  0.09351075]]\n",
      "[[ 0.89293947  0.10706053]\n",
      " [ 0.55005889  0.44994111]\n",
      " [ 0.14739711  0.85260289]]\n",
      "[  1.00000000e+00   2.95475894e-14   5.66112347e-21]\n",
      "loop_count= 83  LH= -675.765666885\n",
      "[[ 0.11393573  0.72687931  0.15918496]\n",
      " [ 0.14132692  0.08474726  0.77392582]\n",
      " [ 0.74659192  0.16016789  0.09324019]]\n",
      "[[ 0.89305094  0.10694906]\n",
      " [ 0.55039195  0.44960805]\n",
      " [ 0.14734167  0.85265833]]\n",
      "[  1.00000000e+00   1.42974565e-14   1.55996925e-21]\n",
      "loop_count= 84  LH= -675.760679713\n",
      "[[ 0.11394499  0.72749992  0.15855509]\n",
      " [ 0.14102974  0.0844743   0.77449597]\n",
      " [ 0.74582957  0.16120584  0.09296459]]\n",
      "[[ 0.89318141  0.10681859]\n",
      " [ 0.55067958  0.44932042]\n",
      " [ 0.14730661  0.85269339]]\n",
      "[  1.00000000e+00   6.91462798e-15   4.29513394e-22]\n",
      "loop_count= 85  LH= -675.755919239\n",
      "[[ 0.11394825  0.72809571  0.15795604]\n",
      " [ 0.14074607  0.08420961  0.77504432]\n",
      " [ 0.7450723   0.16224318  0.09268453]]\n",
      "[[ 0.89332972  0.10667028]\n",
      " [ 0.55092642  0.44907358]\n",
      " [ 0.14728925  0.85271075]]\n",
      "[  1.00000000e+00   3.34236021e-15   1.18178859e-22]\n",
      "loop_count= 86  LH= -675.751344028\n",
      "[[ 0.11394617  0.72866978  0.15738405]\n",
      " [ 0.14047371  0.08395231  0.77557398]\n",
      " [ 0.74432038  0.16327909  0.09240053]]\n",
      "[[ 0.89349463  0.10650537]\n",
      " [ 0.55113662  0.44886338]\n",
      " [ 0.14728735  0.85271265]]\n",
      "[  1.00000000e+00   1.61477522e-15   3.24977665e-23]\n",
      "loop_count= 87  LH= -675.746921514\n",
      "[[ 0.11393935  0.72922477  0.15683588]\n",
      " [ 0.14021079  0.08370169  0.77608752]\n",
      " [ 0.74357392  0.16431295  0.09211313]]\n",
      "[[ 0.89367496  0.10632504]\n",
      " [ 0.55131386  0.44868614]\n",
      " [ 0.14729904  0.85270096]]\n",
      "[  1.00000000e+00   7.79730448e-16   8.93223781e-24]\n",
      "loop_count= 88  LH= -675.742625995\n",
      "[[ 0.11392835  0.72976292  0.15630873]\n",
      " [ 0.1399557   0.08345712  0.77658718]\n",
      " [ 0.74283293  0.16534426  0.09182281]]\n",
      "[[ 0.89386954  0.10613046]\n",
      " [ 0.55146142  0.44853858]\n",
      " [ 0.14732272  0.85267728]]\n",
      "[  1.00000000e+00   3.76312947e-16   2.45413060e-24]\n",
      "loop_count= 89  LH= -675.738437114\n",
      "[[ 0.11391369  0.73028614  0.15580017]\n",
      " [ 0.1397071   0.08321807  0.77707483]\n",
      " [ 0.74209734  0.16637265  0.09153001]]\n",
      "[[ 0.89407725  0.10592275]\n",
      " [ 0.55158226  0.44841774]\n",
      " [ 0.14735708  0.85264292]]\n",
      "[  1.00000000e+00   1.81519949e-16   6.74060044e-25]\n",
      "loop_count= 90  LH= -675.734338698\n",
      "[[ 0.11389581  0.73079608  0.1553081 ]\n",
      " [ 0.13946381  0.08298412  0.77755207]\n",
      " [ 0.74136703  0.16739781  0.09123517]]\n",
      "[[ 0.89429703  0.10570297]\n",
      " [ 0.55167901  0.44832099]\n",
      " [ 0.14740095  0.85259905]]\n",
      "[  1.00000000e+00   8.75121097e-17   1.85094687e-25]\n",
      "loop_count= 91  LH= -675.730317862\n",
      "[[ 0.11387514  0.73129416  0.1548307 ]\n",
      " [ 0.13922483  0.08275489  0.77802028]\n",
      " [ 0.74064183  0.16841953  0.09093864]]\n",
      "[[ 0.89452789  0.10547211]\n",
      " [ 0.55175406  0.44824594]\n",
      " [ 0.14745335  0.85254665]]\n",
      "[  1.00000000e+00   4.21675593e-17   5.08173556e-26]\n",
      "loop_count= 92  LH= -675.726364324\n",
      "[[ 0.11385203  0.73178157  0.1543664 ]\n",
      " [ 0.1389893   0.08253005  0.77848065]\n",
      " [ 0.73992159  0.16943763  0.09064078]]\n",
      "[[ 0.8947689   0.1052311 ]\n",
      " [ 0.55180954  0.44819046]\n",
      " [ 0.14751344  0.85248656]]\n",
      "[  1.00000000e+00   2.03073463e-17   1.39499078e-26]\n",
      "loop_count= 93  LH= -675.72246986\n",
      "[[ 0.11382681  0.73225937  0.15391382]\n",
      " [ 0.13875646  0.08230934  0.7789342 ]\n",
      " [ 0.73920612  0.17045198  0.0903419 ]]\n",
      "[[ 0.89501919  0.10498081]\n",
      " [ 0.55184737  0.44815263]\n",
      " [ 0.14758046  0.85241954]]\n",
      "[  1.00000000e+00   9.77440160e-18   3.82925986e-27]\n",
      "loop_count= 94  LH= -675.718627884\n",
      "[[ 0.11379979  0.73272844  0.15347177]\n",
      " [ 0.13852567  0.08209253  0.7793818 ]\n",
      " [ 0.73849523  0.17146249  0.09004228]]\n",
      "[[ 0.89527795  0.10472205]\n",
      " [ 0.55186929  0.44813071]\n",
      " [ 0.14765378  0.85234622]]\n",
      "[  1.00000000e+00   4.70205191e-18   1.05112039e-27]\n",
      "loop_count= 95  LH= -675.714833118\n",
      "[[ 0.11377121  0.73318958  0.15303922]\n",
      " [ 0.13829637  0.08187941  0.77982421]\n",
      " [ 0.73778875  0.17246908  0.08974217]]\n",
      "[[ 0.89554446  0.10445554]\n",
      " [ 0.55187686  0.44812314]\n",
      " [ 0.14773281  0.85226719]]\n",
      "[  1.00000000e+00   2.26069996e-18   2.89073850e-28]\n",
      "loop_count= 96  LH= -675.711081331\n",
      "[[ 0.1137413   0.73364343  0.15261526]\n",
      " [ 0.13806807  0.08166982  0.78026211]\n",
      " [ 0.73708651  0.17347168  0.08944181]]\n",
      "[[ 0.89581801  0.10418199]\n",
      " [ 0.5518715   0.4481285 ]\n",
      " [ 0.14781707  0.85218293]]\n",
      "[  1.00000000e+00   1.08631265e-18   7.90595754e-29]\n",
      "loop_count= 97  LH= -675.707369128\n",
      "[[ 0.11371028  0.7340906   0.15219913]\n",
      " [ 0.13784034  0.0814636   0.78069607]\n",
      " [ 0.73638834  0.17447027  0.08914139]]\n",
      "[[ 0.89609799  0.10390201]\n",
      " [ 0.55185449  0.44814551]\n",
      " [ 0.14790609  0.85209391]]\n",
      "[  1.00000000e+00   5.21700679e-19   2.10989834e-29]\n",
      "loop_count= 98  LH= -675.703693788\n",
      "[[ 0.11367831  0.73453158  0.15179012]\n",
      " [ 0.1376128   0.08126062  0.78112658]\n",
      " [ 0.73569408  0.17546481  0.08884111]]\n",
      "[[ 0.89638382  0.10361618]\n",
      " [ 0.551827    0.448173  ]\n",
      " [ 0.14799948  0.85200052]]\n",
      "[  1.00000000e+00   2.50403855e-19   5.60594903e-30]\n",
      "loop_count= 99  LH= -675.700053131\n",
      "[[ 0.11364555  0.7349668   0.15138765]\n",
